1.0 0.8666666746139526 0.16470588743686676 1.0
1.0 0.8666666746139526 0.16470588743686676 1.0
1.0 0.8666666746139526 0.16470588743686676 1.0
1.0 0.8666666746139526 0.16470588743686676 1.0
1.0 0.8666666746139526 0.16470588743686676 1.0
1.0 0.8666666746139526 0.16470588743686676 1.0
1.0 0.8666666746139526 0.16470588743686676 1.0
1.0 0.8666666746139526 0.16470588743686676 1.0
1.0 0.8666666746139526 0.16470588743686676 1.0
1.0 0.8666666746139526 0.16470588743686676 1.0
1.0 0.8666666746139526 0.16470588743686676 1.0
1.0 0.8666666746139526 0.16470588743686676 1.0
1.0 0.8666666746139526 0.16470588743686676 1.0
1.0 0.8666666746139526 0.16470588743686676 1.0
1.0 0.8666666746139526 0.16470588743686676 1.0
1.0 0.9058823585510254 0.5372549295425415 1.0
1.0 0.8666666746139526 0.16470588743686676 1.0
1.0 0.8666666746139526 0.16470588743686676 1.0
1.0 0.8666666746139526 0.1725490242242813 1.0
1.0 0.8666666746139526 0.16470588743686676 1.0
1.0 0.8666666746139526 0.16470588743686676 1.0
1.0 0.8666666746139526 0.16470588743686676 1.0
1.0 0.8666666746139526 0.16470588743686676 1.0
1.0 0.8666666746139526 0.16470588743686676 1.0
1.0 0.8666666746139526 0.16470588743686676 1.0
1.0 0.8666666746139526 0.16470588743686676 1.0
1.0 0.8666666746139526 0.16470588743686676 1.0
1.0 0.8666666746139526 0.16470588743686676 1.0
1.0 0.8666666746139526 0.16470588743686676 1.0
1.0 0.8666666746139526 0.16470588743686676 1.0
1.0 0.8666666746139526 0.16470588743686676 1.0
1.0 0.8666666746139526 0.16470588743686676 1.0
1.0 0.8666666746139526 0.16470588743686676 1.0
1.0 0.8666666746139526 0.16470588743686676 1.0
1.0 0.8666666746139526 0.16470588743686676 1.0
1.0 0.8666666746139526 0.16470588743686676 1.0
1.0 0.8666666746139526 0.16470588743686676 1.0
1.0 0.8666666746139526 0.16470588743686676 1.0
1.0 0.8666666746139526 0.16470588743686676 1.0
1.0 0.8666666746139526 0.16470588743686676 1.0
1.0 0.8666666746139526 0.16470588743686676 1.0
1.0 0.8666666746139526 0.16470588743686676 1.0
1.0 0.8666666746139526 0.16470588743686676 1.0
1.0 0.8666666746139526 0.16470588743686676 1.0
1.0 0.8666666746139526 0.16470588743686676 1.0
1.0 0.8666666746139526 0.16470588743686676 1.0
1.0 0.8666666746139526 0.16470588743686676 1.0
1.0 0.8666666746139526 0.16470588743686676 1.0
1.0 0.8666666746139526 0.16470588743686676 1.0
1.0 0.8666666746139526 0.1725490242242813 1.0
1.0 0.8666666746139526 0.16470588743686676 1.0
1.0 0.8666666746139526 0.16470588743686676 1.0
1.0 0.8666666746139526 0.16470588743686676 1.0
1.0 0.8666666746139526 0.16470588743686676 1.0
1.0 0.8666666746139526 0.16470588743686676 1.0
1.0 0.8666666746139526 0.16470588743686676 1.0
1.0 0.8666666746139526 0.16470588743686676 1.0
1.0 0.8666666746139526 0.16470588743686676 1.0
1.0 0.8666666746139526 0.16470588743686676 1.0
1.0 0.8666666746139526 0.16470588743686676 1.0
1.0 0.8666666746139526 0.16470588743686676 1.0
1.0 0.8666666746139526 0.16470588743686676 1.0
1.0 0.8666666746139526 0.16470588743686676 1.0
1.0 0.8666666746139526 0.16470588743686676 1.0
1.0 0.8666666746139526 0.16470588743686676 1.0
1.0 0.8666666746139526 0.16470588743686676 1.0
1.0 0.8666666746139526 0.1725490242242813 1.0
1.0 0.8666666746139526 0.16470588743686676 1.0
1.0 0.8666666746139526 0.16470588743686676 1.0
1.0 0.8666666746139526 0.1725490242242813 1.0
1.0 0.8666666746139526 0.16470588743686676 1.0
1.0 0.8666666746139526 0.16470588743686676 1.0
1.0 0.8666666746139526 0.16470588743686676 1.0
1.0 0.8666666746139526 0.16470588743686676 1.0
1.0 0.8666666746139526 0.16470588743686676 1.0
1.0 0.8666666746139526 0.16470588743686676 1.0
1.0 0.8666666746139526 0.16470588743686676 1.0
1.0 0.8666666746139526 0.16470588743686676 1.0
1.0 0.8666666746139526 0.16470588743686676 1.0
1.0 0.8666666746139526 0.16470588743686676 1.0
1.0 0.8666666746139526 0.16470588743686676 1.0
1.0 0.8666666746139526 0.16470588743686676 1.0
1.0 0.8666666746139526 0.16470588743686676 1.0
1.0 0.8666666746139526 0.16470588743686676 1.0
1.0 0.8666666746139526 0.16470588743686676 1.0
1.0 0.9058823585510254 0.5372549295425415 1.0
1.0 0.8666666746139526 0.16470588743686676 1.0
1.0 0.8666666746139526 0.16470588743686676 1.0
1.0 0.8666666746139526 0.16470588743686676 1.0
1.0 0.8666666746139526 0.16470588743686676 1.0
1.0 0.8666666746139526 0.16470588743686676 1.0
1.0 0.8666666746139526 0.16470588743686676 1.0
1.0 0.8666666746139526 0.16470588743686676 1.0
1.0 0.8666666746139526 0.16470588743686676 1.0
1.0 0.8666666746139526 0.16470588743686676 1.0
1.0 0.8666666746139526 0.16470588743686676 1.0
1.0 0.8666666746139526 0.16470588743686676 1.0
1.0 0.8666666746139526 0.16470588743686676 1.0
1.0 0.8666666746139526 0.16470588743686676 1.0
1.0 0.8666666746139526 0.16470588743686676 1.0
1.0 0.8666666746139526 0.16470588743686676 1.0
1.0 0.8666666746139526 0.16470588743686676 1.0
1.0 0.9058823585510254 0.5372549295425415 1.0
1.0 0.8666666746139526 0.16470588743686676 1.0
1.0 0.8666666746139526 0.16470588743686676 1.0
1.0 0.9058823585510254 0.5372549295425415 1.0
1.0 0.8666666746139526 0.16470588743686676 1.0
1.0 0.8666666746139526 0.16470588743686676 1.0
