-0.46943891048431396 -0.15252996981143951 0.0
-0.2901291847229004 0.3993285894393921 0.0
0.2901291847229004 0.3993285894393921 0.0
0.2901291847229004 0.3993285894393921 0.0
0.46943891048431396 -0.15252996981143951 0.0
-5.0416155694676945e-09 -0.4935972988605499 0.0
0.2901291847229004 0.3993285894393921 0.0
-5.0416155694676945e-09 -0.4935972988605499 0.0
-0.46943891048431396 -0.15252996981143951 0.0
-0.2901291847229004 0.3993285894393921 0.0
6.039582167716162e-10 0.8986726403236389 0.0
0.2901291847229004 0.3993285894393921 0.0
0.8546884655952454 0.2777051329612732 0.0
0.46943891048431396 -0.15252996981143951 0.0
0.2901291847229004 0.3993285894393921 0.0
0.5282264947891235 -0.7270414233207703 0.0
-5.0416155694676945e-09 -0.4935972988605499 0.0
0.46943891048431396 -0.15252996981143951 0.0
-0.5282264947891235 -0.7270414233207703 0.0
-0.46943891048431396 -0.15252996981143951 0.0
-5.0416155694676945e-09 -0.4935972988605499 0.0
-0.8546884655952454 0.2777051329612732 0.0
-0.2901291847229004 0.3993285894393921 0.0
-0.46943891048431396 -0.15252996981143951 0.0
0.2901291847229004 0.3993285894393921 0.24597099423408508
-0.2901291847229004 0.3993285894393921 0.24597099423408508
-0.46943891048431396 -0.15252996981143951 0.24597099423408508
-0.46943891048431396 -0.15252996981143951 0.24597099423408508
-5.0416155694676945e-09 -0.4935972988605499 0.24597099423408508
0.46943891048431396 -0.15252996981143951 0.24597099423408508
-0.46943891048431396 -0.15252996981143951 0.24597099423408508
0.46943891048431396 -0.15252996981143951 0.24597099423408508
0.2901291847229004 0.3993285894393921 0.24597099423408508
-0.2901291847229004 0.3993285894393921 0.24597099423408508
0.2901291847229004 0.3993285894393921 0.24597099423408508
6.039582167716162e-10 0.8986726403236389 0.24597099423408508
0.8546884655952454 0.2777051329612732 0.24597099423408508
0.2901291847229004 0.3993285894393921 0.24597099423408508
0.46943891048431396 -0.15252996981143951 0.24597099423408508
0.5282264947891235 -0.7270414233207703 0.24597099423408508
0.46943891048431396 -0.15252996981143951 0.24597099423408508
-5.0416155694676945e-09 -0.4935972988605499 0.24597099423408508
-0.5282264947891235 -0.7270414233207703 0.24597099423408508
-5.0416155694676945e-09 -0.4935972988605499 0.24597099423408508
-0.46943891048431396 -0.15252996981143951 0.24597099423408508
-0.8546884655952454 0.2777051329612732 0.24597099423408508
-0.46943891048431396 -0.15252996981143951 0.24597099423408508
-0.2901291847229004 0.3993285894393921 0.24597099423408508
-0.46943891048431396 -0.15252996981143951 0.0
-0.5282264947891235 -0.7270414233207703 0.0
-0.5282264947891235 -0.7270414233207703 0.24597099423408508
-0.46943891048431396 -0.15252996981143951 0.0
-0.5282264947891235 -0.7270414233207703 0.24597099423408508
-0.46943891048431396 -0.15252996981143951 0.24597099423408508
6.039582167716162e-10 0.8986726403236389 0.0
-0.2901291847229004 0.3993285894393921 0.0
-0.2901291847229004 0.3993285894393921 0.24597099423408508
6.039582167716162e-10 0.8986726403236389 0.0
-0.2901291847229004 0.3993285894393921 0.24597099423408508
6.039582167716162e-10 0.8986726403236389 0.24597099423408508
0.46943891048431396 -0.15252996981143951 0.0
0.8546884655952454 0.2777051329612732 0.0
0.8546884655952454 0.2777051329612732 0.24597099423408508
0.46943891048431396 -0.15252996981143951 0.0
0.8546884655952454 0.2777051329612732 0.24597099423408508
0.46943891048431396 -0.15252996981143951 0.24597099423408508
-0.5282264947891235 -0.7270414233207703 0.0
-5.0416155694676945e-09 -0.4935972988605499 0.0
-5.0416155694676945e-09 -0.4935972988605499 0.24597099423408508
-0.5282264947891235 -0.7270414233207703 0.0
-5.0416155694676945e-09 -0.4935972988605499 0.24597099423408508
-0.5282264947891235 -0.7270414233207703 0.24597099423408508
-0.2901291847229004 0.3993285894393921 0.0
-0.8546884655952454 0.2777051329612732 0.0
-0.8546884655952454 0.2777051329612732 0.24597099423408508
-0.2901291847229004 0.3993285894393921 0.0
-0.8546884655952454 0.2777051329612732 0.24597099423408508
-0.2901291847229004 0.3993285894393921 0.24597099423408508
0.8546884655952454 0.2777051329612732 0.0
0.2901291847229004 0.3993285894393921 0.0
0.2901291847229004 0.3993285894393921 0.24597099423408508
0.8546884655952454 0.2777051329612732 0.0
0.2901291847229004 0.3993285894393921 0.24597099423408508
0.8546884655952454 0.2777051329612732 0.24597099423408508
-5.0416155694676945e-09 -0.4935972988605499 0.0
0.5282264947891235 -0.7270414233207703 0.0
0.5282264947891235 -0.7270414233207703 0.24597099423408508
-5.0416155694676945e-09 -0.4935972988605499 0.0
0.5282264947891235 -0.7270414233207703 0.24597099423408508
-5.0416155694676945e-09 -0.4935972988605499 0.24597099423408508
-0.8546884655952454 0.2777051329612732 0.0
-0.46943891048431396 -0.15252996981143951 0.0
-0.46943891048431396 -0.15252996981143951 0.24597099423408508
-0.8546884655952454 0.2777051329612732 0.0
-0.46943891048431396 -0.15252996981143951 0.24597099423408508
-0.8546884655952454 0.2777051329612732 0.24597099423408508
0.2901291847229004 0.3993285894393921 0.0
6.039582167716162e-10 0.8986726403236389 0.0
6.039582167716162e-10 0.8986726403236389 0.24597099423408508
0.2901291847229004 0.3993285894393921 0.0
6.039582167716162e-10 0.8986726403236389 0.24597099423408508
0.2901291847229004 0.3993285894393921 0.24597099423408508
0.5282264947891235 -0.7270414233207703 0.0
0.46943891048431396 -0.15252996981143951 0.0
0.46943891048431396 -0.15252996981143951 0.24597099423408508
0.5282264947891235 -0.7270414233207703 0.0
0.46943891048431396 -0.15252996981143951 0.24597099423408508
0.5282264947891235 -0.7270414233207703 0.24597099423408508
