1.0 0.5647059082984924 0.16078431904315948 1.0
1.0 0.5647059082984924 0.16078431904315948 1.0
1.0 0.5921568870544434 0.2666666805744171 1.0
1.0 0.5647059082984924 0.16078431904315948 1.0
1.0 0.5921568870544434 0.2666666805744171 1.0
1.0 0.5647059082984924 0.16078431904315948 1.0
0.04313725605607033 0.16078431904315948 1.0 1.0
0.04313725605607033 0.16078431904315948 1.0 1.0
0.04313725605607033 0.16078431904315948 1.0 1.0
0.04313725605607033 0.16078431904315948 1.0 1.0
0.04313725605607033 0.16078431904315948 1.0 1.0
0.04313725605607033 0.16078431904315948 1.0 1.0
0.04313725605607033 0.16078431904315948 1.0 1.0
0.04313725605607033 0.16078431904315948 1.0 1.0
0.04313725605607033 0.16078431904315948 1.0 1.0
0.04313725605607033 0.16078431904315948 1.0 1.0
0.04313725605607033 0.16078431904315948 1.0 1.0
0.04313725605607033 0.16078431904315948 1.0 1.0
0.04313725605607033 0.16078431904315948 1.0 1.0
0.04313725605607033 0.16078431904315948 1.0 1.0
0.04313725605607033 0.16078431904315948 1.0 1.0
0.04313725605607033 0.16078431904315948 1.0 1.0
0.04313725605607033 0.16078431904315948 1.0 1.0
0.34117648005485535 0.3686274588108063 1.0 1.0
0.34117648005485535 0.3686274588108063 1.0 1.0
0.04313725605607033 0.16078431904315948 1.0 1.0
0.04313725605607033 0.16078431904315948 1.0 1.0
0.34117648005485535 0.3686274588108063 1.0 1.0
0.04313725605607033 0.16078431904315948 1.0 1.0
0.04313725605607033 0.16078431904315948 1.0 1.0
0.04313725605607033 0.16078431904315948 1.0 1.0
0.04313725605607033 0.16078431904315948 1.0 1.0
0.34117648005485535 0.3686274588108063 1.0 1.0
0.04313725605607033 0.16078431904315948 1.0 1.0
0.34117648005485535 0.3686274588108063 1.0 1.0
0.04313725605607033 0.16078431904315948 1.0 1.0
0.04313725605607033 0.16078431904315948 1.0 1.0
0.04313725605607033 0.16078431904315948 1.0 1.0
0.04313725605607033 0.16078431904315948 1.0 1.0
0.04313725605607033 0.16078431904315948 1.0 1.0
0.04313725605607033 0.16078431904315948 1.0 1.0
0.04313725605607033 0.16078431904315948 1.0 1.0
0.1882352977991104 1.0 0.07058823853731155 1.0
0.1882352977991104 1.0 0.07058823853731155 1.0
0.1882352977991104 1.0 0.07058823853731155 1.0
0.1882352977991104 1.0 0.07058823853731155 1.0
0.1882352977991104 1.0 0.07058823853731155 1.0
0.1882352977991104 1.0 0.07058823853731155 1.0
0.1882352977991104 1.0 0.07058823853731155 1.0
0.1882352977991104 1.0 0.07058823853731155 1.0
0.1882352977991104 1.0 0.07058823853731155 1.0
0.1882352977991104 1.0 0.07058823853731155 1.0
0.1882352977991104 1.0 0.07058823853731155 1.0
0.1882352977991104 1.0 0.07058823853731155 1.0
0.1882352977991104 1.0 0.07058823853731155 1.0
0.1882352977991104 1.0 0.07058823853731155 1.0
0.1882352977991104 1.0 0.07058823853731155 1.0
0.1882352977991104 1.0 0.07058823853731155 1.0
0.1882352977991104 1.0 0.07058823853731155 1.0
0.1882352977991104 1.0 0.07058823853731155 1.0
0.1882352977991104 1.0 0.07058823853731155 1.0
0.1882352977991104 1.0 0.07058823853731155 1.0
0.1882352977991104 1.0 0.07058823853731155 1.0
0.1882352977991104 1.0 0.07058823853731155 1.0
0.1882352977991104 1.0 0.07058823853731155 1.0
0.1882352977991104 1.0 0.07058823853731155 1.0
0.1882352977991104 1.0 0.07058823853731155 1.0
0.1882352977991104 1.0 0.07058823853731155 1.0
0.1882352977991104 1.0 0.07058823853731155 1.0
0.1882352977991104 1.0 0.07058823853731155 1.0
0.1882352977991104 1.0 0.07058823853731155 1.0
0.1882352977991104 1.0 0.07058823853731155 1.0
0.1882352977991104 1.0 0.07058823853731155 1.0
0.1882352977991104 1.0 0.07058823853731155 1.0
0.1882352977991104 1.0 0.07058823853731155 1.0
0.1882352977991104 1.0 0.07058823853731155 1.0
0.1882352977991104 1.0 0.07058823853731155 1.0
0.1882352977991104 1.0 0.07058823853731155 1.0
1.0 0.27450981736183167 0.47058823704719543 1.0
1.0 0.27450981736183167 0.47058823704719543 1.0
1.0 0.3921568691730499 0.5372549295425415 1.0
1.0 0.27450981736183167 0.47058823704719543 1.0
1.0 0.3921568691730499 0.5372549295425415 1.0
1.0 0.27450981736183167 0.47058823704719543 1.0
1.0 0.27450981736183167 0.47058823704719543 1.0
1.0 0.3921568691730499 0.5372549295425415 1.0
1.0 0.27450981736183167 0.47058823704719543 1.0
1.0 0.27450981736183167 0.47058823704719543 1.0
1.0 0.27450981736183167 0.47058823704719543 1.0
1.0 0.27450981736183167 0.47058823704719543 1.0
1.0 0.27450981736183167 0.47058823704719543 1.0
1.0 0.27450981736183167 0.47058823704719543 1.0
1.0 0.27450981736183167 0.47058823704719543 1.0
1.0 0.27450981736183167 0.47058823704719543 1.0
1.0 0.27450981736183167 0.47058823704719543 1.0
1.0 0.27450981736183167 0.47058823704719543 1.0
1.0 0.27450981736183167 0.47058823704719543 1.0
1.0 0.27450981736183167 0.47058823704719543 1.0
1.0 0.27450981736183167 0.47058823704719543 1.0
1.0 0.27450981736183167 0.47058823704719543 1.0
1.0 0.27450981736183167 0.47058823704719543 1.0
1.0 0.27450981736183167 0.47058823704719543 1.0
1.0 0.27450981736183167 0.47058823704719543 1.0
1.0 0.27450981736183167 0.47058823704719543 1.0
1.0 0.27450981736183167 0.47058823704719543 1.0
1.0 0.27450981736183167 0.47058823704719543 1.0
1.0 0.27450981736183167 0.47058823704719543 1.0
1.0 0.27450981736183167 0.47058823704719543 1.0
1.0 0.27450981736183167 0.47058823704719543 1.0
1.0 0.3921568691730499 0.5372549295425415 1.0
1.0 0.27450981736183167 0.47058823704719543 1.0
1.0 0.27450981736183167 0.47058823704719543 1.0
1.0 0.27450981736183167 0.47058823704719543 1.0
1.0 0.27450981736183167 0.47058823704719543 1.0
