0.11247968673706055 0.11247968673706055 1.0
-0.11247968673706055 0.11247968673706055 1.0
-0.11247968673706055 -0.11247968673706055 1.0
0.11247968673706055 0.11247968673706055 1.0
-0.11247968673706055 -0.11247968673706055 1.0
0.11247968673706055 -0.11247968673706055 1.0
0.11247968673706055 -0.11247968673706055 -1.0
0.11247968673706055 -0.11247968673706055 1.0
-0.11247968673706055 -0.11247968673706055 1.0
0.11247968673706055 -0.11247968673706055 -1.0
-0.11247968673706055 -0.11247968673706055 1.0
-0.11247968673706055 -0.11247968673706055 -1.0
-0.11247968673706055 -0.11247968673706055 -1.0
-0.11247968673706055 -0.11247968673706055 1.0
-0.11247968673706055 0.11247968673706055 1.0
-0.11247968673706055 -0.11247968673706055 -1.0
-0.11247968673706055 0.11247968673706055 1.0
-0.11247968673706055 0.11247968673706055 -1.0
-0.11247968673706055 0.11247968673706055 -1.0
0.11247968673706055 0.11247968673706055 -1.0
0.11247968673706055 -0.11247968673706055 -1.0
-0.11247968673706055 0.11247968673706055 -1.0
0.11247968673706055 -0.11247968673706055 -1.0
-0.11247968673706055 -0.11247968673706055 -1.0
0.11247968673706055 0.11247968673706055 -1.0
0.11247968673706055 0.11247968673706055 1.0
0.11247968673706055 -0.11247968673706055 1.0
0.11247968673706055 0.11247968673706055 -1.0
0.11247968673706055 -0.11247968673706055 1.0
0.11247968673706055 -0.11247968673706055 -1.0
-0.11247968673706055 0.11247968673706055 -1.0
-0.11247968673706055 0.11247968673706055 1.0
0.11247968673706055 0.11247968673706055 1.0
-0.11247968673706055 0.11247968673706055 -1.0
0.11247968673706055 0.11247968673706055 1.0
0.11247968673706055 0.11247968673706055 -1.0
