Doors -0.96 1 -90 0.729 0.729 4
Doors -0.96 1 -90 0.729 0.729 4
Doors -0.96 1 -90 0.729 0.729 4
Doors -0.96 1 -90 0.729 0.729 4
Plants 0 0 0 1 1 3
Tables 0.9 -0.44 0 0.348678 0.348678 4
Seating -0.82 0.06 0 0.34174 0.34174 52
Seating -0.82 0.06 0 0.34174 0.34174 52
Seating -0.82 0.06 0 0.34174 0.34174 52
Seating -0.82 0.06 0 0.34174 0.34174 52
Seating -0.82 0.06 0 0.34174 0.34174 52
Seating -0.82 0.06 0 0.34174 0.34174 52
Posts -0.9 0.0599999 0 0.40937 0.40937 4
EntryDoors -0.96 0.54 -90 0.338322 0.338322 4
EntryDoors -0.96 0.54 -90 0.338322 0.338322 4
Dustbins 0.6 -0.4 0 1 1 4
