-11.666666030883789 -11.666666030883789 0.0
11.666666030883789 -11.666666030883789 0.0
11.666666030883789 11.666666030883789 0.0
-11.666666030883789 -11.666666030883789 0.0
11.666666030883789 11.666666030883789 0.0
-11.666666030883789 11.666666030883789 0.0
-6.510777473449707 4.496081829071045 0.0
-6.510777473449707 4.496081829071045 2.0
-6.510777473449707 6.496081829071045 2.0
-6.510777473449707 4.496081829071045 0.0
-6.510777473449707 6.496081829071045 2.0
-6.510777473449707 6.496081829071045 0.0
-6.510777473449707 6.496081829071045 0.0
-6.510777473449707 6.496081829071045 2.0
-4.510777473449707 6.496081829071045 2.0
-6.510777473449707 6.496081829071045 0.0
-4.510777473449707 6.496081829071045 2.0
-4.510777473449707 6.496081829071045 0.0
-4.510777473449707 6.496081829071045 0.0
-4.510777473449707 6.496081829071045 2.0
-4.510777473449707 4.496081829071045 2.0
-4.510777473449707 6.496081829071045 0.0
-4.510777473449707 4.496081829071045 2.0
-4.510777473449707 4.496081829071045 0.0
-4.510777473449707 4.496081829071045 0.0
-4.510777473449707 4.496081829071045 2.0
-6.510777473449707 4.496081829071045 2.0
-4.510777473449707 4.496081829071045 0.0
-6.510777473449707 4.496081829071045 2.0
-6.510777473449707 4.496081829071045 0.0
-6.510777473449707 6.496081829071045 0.0
-4.510777473449707 6.496081829071045 0.0
-4.510777473449707 4.496081829071045 0.0
-6.510777473449707 6.496081829071045 0.0
-4.510777473449707 4.496081829071045 0.0
-6.510777473449707 4.496081829071045 0.0
-4.510777473449707 6.496081829071045 2.0
-6.510777473449707 6.496081829071045 2.0
-6.510777473449707 4.496081829071045 2.0
-4.510777473449707 6.496081829071045 2.0
-6.510777473449707 4.496081829071045 2.0
-4.510777473449707 4.496081829071045 2.0
0.9302448630332947 -0.35805174708366394 -0.01835370995104313
0.9302448630332947 -0.35805174708366394 1.3051592111587524
0.9302448630332947 0.9654611945152283 1.3051592111587524
0.9302448630332947 -0.35805174708366394 -0.01835370995104313
0.9302448630332947 0.9654611945152283 1.3051592111587524
0.9302448630332947 0.9654611945152283 -0.01835370995104313
0.9302448630332947 0.9654611945152283 -0.01835370995104313
0.9302448630332947 0.9654611945152283 1.3051592111587524
2.2537577152252197 0.9654611945152283 1.3051592111587524
0.9302448630332947 0.9654611945152283 -0.01835370995104313
2.2537577152252197 0.9654611945152283 1.3051592111587524
2.2537577152252197 0.9654611945152283 -0.01835370995104313
2.2537577152252197 0.9654611945152283 -0.01835370995104313
2.2537577152252197 0.9654611945152283 1.3051592111587524
2.2537577152252197 -0.35805174708366394 1.3051592111587524
2.2537577152252197 0.9654611945152283 -0.01835370995104313
2.2537577152252197 -0.35805174708366394 1.3051592111587524
2.2537577152252197 -0.35805174708366394 -0.01835370995104313
2.2537577152252197 -0.35805174708366394 -0.01835370995104313
2.2537577152252197 -0.35805174708366394 1.3051592111587524
0.9302448630332947 -0.35805174708366394 1.3051592111587524
2.2537577152252197 -0.35805174708366394 -0.01835370995104313
0.9302448630332947 -0.35805174708366394 1.3051592111587524
0.9302448630332947 -0.35805174708366394 -0.01835370995104313
0.9302448630332947 0.9654611945152283 -0.01835370995104313
2.2537577152252197 0.9654611945152283 -0.01835370995104313
2.2537577152252197 -0.35805174708366394 -0.01835370995104313
0.9302448630332947 0.9654611945152283 -0.01835370995104313
2.2537577152252197 -0.35805174708366394 -0.01835370995104313
0.9302448630332947 -0.35805174708366394 -0.01835370995104313
2.2537577152252197 0.9654611945152283 1.3051592111587524
0.9302448630332947 0.9654611945152283 1.3051592111587524
0.9302448630332947 -0.35805174708366394 1.3051592111587524
2.2537577152252197 0.9654611945152283 1.3051592111587524
0.9302448630332947 -0.35805174708366394 1.3051592111587524
2.2537577152252197 -0.35805174708366394 1.3051592111587524
-5.952437400817871 -2.4769742488861084 0.0
-5.952437400817871 -2.4769742488861084 2.0
-5.952437400817871 -1.152791976928711 2.0
-5.952437400817871 -2.4769742488861084 0.0
-5.952437400817871 -1.152791976928711 2.0
-5.952437400817871 -1.152791976928711 0.0
-5.952437400817871 -1.152791976928711 0.0
-5.952437400817871 -1.152791976928711 2.0
-4.628255844116211 -1.152791976928711 2.0
-5.952437400817871 -1.152791976928711 0.0
-4.628255844116211 -1.152791976928711 2.0
-4.628255844116211 -1.152791976928711 0.0
-4.628255844116211 -1.152791976928711 0.0
-4.628255844116211 -1.152791976928711 2.0
-4.628255844116211 -2.4769742488861084 2.0
-4.628255844116211 -1.152791976928711 0.0
-4.628255844116211 -2.4769742488861084 2.0
-4.628255844116211 -2.4769742488861084 0.0
-4.628255844116211 -2.4769742488861084 0.0
-4.628255844116211 -2.4769742488861084 2.0
-5.952437400817871 -2.4769742488861084 2.0
-4.628255844116211 -2.4769742488861084 0.0
-5.952437400817871 -2.4769742488861084 2.0
-5.952437400817871 -2.4769742488861084 0.0
-5.952437400817871 -1.152791976928711 0.0
-4.628255844116211 -1.152791976928711 0.0
-4.628255844116211 -2.4769742488861084 0.0
-5.952437400817871 -1.152791976928711 0.0
-4.628255844116211 -2.4769742488861084 0.0
-5.952437400817871 -2.4769742488861084 0.0
-4.628255844116211 -1.152791976928711 2.0
-5.952437400817871 -1.152791976928711 2.0
-5.952437400817871 -2.4769742488861084 2.0
-4.628255844116211 -1.152791976928711 2.0
-5.952437400817871 -2.4769742488861084 2.0
-4.628255844116211 -2.4769742488861084 2.0
